-1 -1 -1  E  -1 -1 -1 -1  -1 -1  9 -1   C -1 -1 -1

-1 -1 -1 -1  -1 -1 -1 -1  -1  6 -1  0  -1  1 -1 -1

-1 -1 -1 -1  -1  C -1 -1  -1 -1 -1 -1   F -1 -1 -1

-1 -1 -1 -1  -1  B -1  9  -1 -1 -1 -1  -1 -1 -1 -1


-1  8 -1 -1  -1 -1 -1 -1   A  B -1 -1  -1 -1  4 -1

-1 -1 -1  4   E -1 -1  5  -1  F -1  2  -1 -1  1 -1

 9  A -1 -1  -1 -1 -1 -1  -1 -1 -1 -1  -1 -1  6 -1

-1  0  F -1  -1 -1 -1  1   3 -1  C -1  -1 -1 -1 -1


-1 -1 -1 -1  -1 -1 -1  6  -1  A -1 -1  -1 -1  C  4

-1 -1 -1 -1  -1 -1 -1 -1  -1 -1 -1 -1  -1 -1 -1 -1

-1 -1 -1  B  -1 -1 -1 -1  -1 -1 -1 -1  -1 -1 -1 -1

-1 -1  0 -1  -1 -1  A -1  -1 -1 -1 -1  -1 -1 -1 -1


-1 -1 -1 -1  -1 -1 -1 -1  -1 -1 -1 -1  -1 -1 -1 -1

-1 -1 -1 -1  -1  5 -1 -1  -1 -1 -1 -1   1 -1 -1 -1

-1 -1 -1 -1  -1  4 -1 -1  -1  5 -1 -1  -1 -1 -1 -1

-1 -1 -1  0  -1  1 -1 -1  -1 -1  3  D  -1 -1 -1 -1
